274
276
278
280
282
284
286
288
290
292
294
296
298
300
302
306
308
310
312
314
316
318
320
322
324
326
328
330
332
334
342
344
346
348
350
352
354
356
358
360
362
364
366
368
370
1166
1168
1170
1172
1174
1176
1178
1180
1182
1184
1186
1188
1190
1192
1194
1202
1204
1206
1208
1210
1212
1214
1216
1218
1220
1228
1230
1232
1236
1238
1240
1242
1244
1246
1248
11690
1858
1860
1862
1868
1870
1872
1874
1876
1878
1880
1882
11692
11694
11696
11698
11700
11702
11704
11706
11708
11710
11712
11718
11720
11722
11724
11726
11728
11730
11732
11734
11736
11738
11740
11742
17900
17902
17904
17906
17908
17926
17928
17930
17932
17934
17944
17946
17948
17950
17952
17962
19658
19660
19662
19680
19682
19684
19694
19696
19698
19708
19710
19712
22602
22604
22606
22608
22626
22628
22630
22632
22642
22644
22646
22648
22658
22660
22662
22664
23038
23040
23042
23044
23046
23048
23050
23052
23054
23056
23594
23596
23598
23600
23602
23604
23606
23692
23694
23704
23706
23716
23718
24298
24300
24302
24304
24306
24308
24310
25810
25812
25814
25816 
28354
28356
28358
28362
28364
28366
28368
28370
28372
28374
28376
28378
28380
28382
28384
28386
28388
28390
28392
28394
28396
28398
28400
28402
29324
29326
29336
29340
29350
29352
30482
30484
30486
30488
30490
30492
30494
30496
30498
30500
30502
30504
28360
